20
0   32  45  27  14  53  26  35  22  48  51  12  20  41  34  30  29  47  50  23
32   0  36  42  33  28  40  44  37  39  22  18  35  31  29  34  26  48  21  36
45  36   0  23  47  30  46  39  31  25  38  43  27  50  33  40  28  19  31  30
27  42  23   0  39  41  21  28  26  30  47  34  24  35  45  33  29  40  25  38
14  33  47  39   0  42  32  19  34  22  37  43  50  23  18  25  41  38  45  29
53  28  30  41  42   0  50  44  29  26  21  36  32  30  28  25  20  34  47  39
26  40  46  21  32  50   0  43  27  34  49  31  19  46  36  41  18  42  20  33
35  44  39  28  19  44  43   0  33  27  31  24  20  34  25  50  39  41  22  18
22  37  31  26  34  29  27  33   0  47  39  36  43  21  18  35  28  30  20  40
48  39  25  30  22  26  34  27  47   0  40  45  24  29  46  50  18  28  33  36
51  22  38  47  37  21  49  31  39  40   0  42  30  26  33  28  34  29  19  20
12  18  43  34  43  36  31  24  36  45  42   0  28  47  27  32  40  44  25  29
20  35  27  24  50  32  19  20  43  24  30  28   0  23  31  39  47  21  18  40
41  31  50  35  23  30  46  34  21  29  26  47  23   0  38  27  31  35  30  28
34  29  33  45  18  28  36  25  18  46  33  27  31  38   0  50  24  42  32  47
30  34  40  33  25  25  41  50  35  50  28  32  39  27  50   0  45  36  26  20
29  26  28  29  41  20  18  39  28  18  34  40  47  31  24  45   0  38  25  46
47  48  19  40  38  34  42  41  30  28  29  44  21  35  42  36  38   0  22  31
50  21  31  25  45  47  20  22  20  33  19  25  18  30  32  26  25  22   0  37
23  36  30  38  29  39  33  18  40  36  20  29  40  28  47  20  46  31  37   0