7
0   12  29  22  13  24  18
12   0  19  25  21  23  11
29  19   0  27  17  18  24
22  25  27   0  28  16  14
13  21  17  28   0  26  19
24  23  18  16  26   0  20
18  11  24  14  19  20   0

3 -> 0 -> 2 -> 6 -> 4 -> 5 -> 1 -> 3